LOOP
    ; ADC Delay
    ;    nop
    ;    nop
    ;    nop
    ;    nop
    ;    nop
    ;    banksel ADCON0
    ;    bsf ADCON0, GO
    ;    btfsc ADCON0, GO
    ;    goto $-1
    ;    ; ADC done
    ;    banksel ADRESH
    ;    movfw ADRESH
    ;    xorwf PREV_ADC
    ;
    ;    banksel PR2
    ;    btfsc STATUS,Z  ; skip if prev_adc = current_adc
    ;    movwf PR2
        GOTO LOOP

;TABLES CODE
SIN
    movlw  high   (SIN_TABLE)
   movwf  PCLATH
   movfw   INDEX
   addlw  SIN_TABLE
   skpnc
    incf  PCLATH,f
   movwf  PCL
SIN_TABLE
        addwf PCL, F
        dt 127,129,130,132,133,135,136,138,139,141,143,144,146,147,149,150,152,
        dt 153,155,156,158,159,161,163,164,166,167,168,170,171,173,174,176,177,
        dt 179,180,181,183,184,186,187,188,190,191,193,194,195,196,198,199,200,
        dt 202,203,204,205,207,208,209,210,211,213,214,215,216,217,218,219,220,
        dt 221,222,223,224,225,226,227,228,229,230,231,232,233,234,235,235,236,
        dt 237,238,239,239,240,241,241,242,243,243,244,245,245,246,246,247,247,
        dt 248,248,249,249,250,250,250,251,251,251,252,252,252,252,253,253,253,
        dt 253,253,254,254,254,254,254,254,254,254,254,254,254,254,254,254,253,
        dt 253,253,253,253,252,252,252,252,251,251,251,250,250,250,249,249,248,
        dt 248,247,247,246,246,245,245,244,243,243,242,241,241,240,239,239,238,
        dt 237,236,235,235,234,233,232,231,230,229,228,227,226,225,224,223,222,
        dt 221,220,219,218,217,216,215,214,213,211,210,209,208,207,205,204,203,
        dt 202,200,199,198,196,195,194,193,191,190,188,187,186,184,183,181,180,
        dt 179,177,176,174,173,171,170,168,167,166,164,163,161,159,158,156,155,
        dt 153,152,150,149,147,146,144,143,141,139,138,136,135,133,132,130,129,127
        ;dt .0,.0,.0,.1,.1,.2,.2,.3,.4,.5,.6,.7,.8,.9,.10,.12,.13,.14,.16,.17,.19,.20,.22,.23,.25,.27,.28,.30,.31,.33,.34,.36,.37,.38,.40,.41,.42,.43,.44,.45,.46,.47,.48,.48,.49,.49,.50,.50,.50,.50,.50,.50,.50,.49,.49,.48,.48,.47,.46,.45,.44,.43,.42,.41,.40,.38,.37,.36,.34,.33,.31,.30,.28,.27,.25,.23,.22,.20,.19,.17,.16,.14,.13,.12,.10,.9,.8,.7,.6,.5,.4,.3,.2,.2,.1,.1,.0,.0,.0,.0,.0,.0,.0,.1,.1,.2,.2,.3,.4,.5,.6,.7,.8,.9,.10,.12,.13,.14,.16,.17,.19,.20,.22,.23,.25,.27,.28,.30,.31,.33,.34,.36,.37,.38,.40,.41,.42,.43,.44,.45,.46,.47,.48,.48,.49,.49,.50,.50,.50,.50,.50,.50,.50,.49,.49,.48,.48,.47,.46,.45,.44,.43,.42,.41,.40,.38,.37,.36,.34,.33,.31,.30,.28,.27,.25,.23,.22,.20,.19,.17,.16,.14,.13,.12,.10,.9,.8,.7,.6,.5,.4,.3,.2,.2,.1,.1,.0,.0,.0,.0,.0,.0,.0,.1,.1,.2,.2,.3,.4,.5,.6,.7,.8,.9,.10,.12,.13,.14,.16,.17,.19,.20,.22,.23,.25,.27,.28,.30,.31,.33,.34,.36,.37,.38,.40,.41,.42,.43,.44,.45,.46,.47,.48,.48,.49,.49,.50,.50,.50,.50,.50,.50,.50,.49,.0,    .0,.0,.0,.1,.1,.2,.2,.3,.4,.5,.6,.7,.8,.9,.10,.12,.13,.14,.16,.17,.19,.20,.22,.23,.25,.27,.28,.30,.31,.33,.34,.36,.37,.38,.40,.41,.42,.43,.44,.45,.46,.47,.48,.48,.49,.49,.50,.50,.50,.50,.50,.50,.50,.49,.49,.48,.48,.47,.46,.45,.44,.43,.42,.41,.40,.38,.37,.36,.34,.33,.31,.30,.28,.27,.25,.23,.22,.20,.19,.17,.16,.14,.13,.12,.10,.9,.8,.7,.6,.5,.4,.3,.2,.2,.1,.1,.0,.0,.0,.0,.0,.0,.0,.1,.1,.2,.2,.3,.4,.5,.6,.7,.8,.9,.10,.12,.13,.14,.16,.17,.19,.20,.22,.23,.25,.27,.28,.30,.31,.33,.34,.36,.37,.38,.40,.41,.42,.43,.44,.45,.46,.47,.48,.48,.49,.49,.50,.50,.50,.50,.50,.50,.50,.49,.49,.48,.48,.47,.46,.45,.44,.43,.42,.41,.40,.38,.37,.36,.34,.33,.31,.30,.28,.27,.25,.23,.22,.20,.19,.17,.16,.14,.13,.12,.10,.9,.8,.7,.6,.5,.4,.3,.2,.2,.1,.1,.0,.0,.0,.0,.0,.0,.0,.1,.1,.2,.2,.3,.4,.5,.6,.7,.8,.9,.10,.12,.13,.14,.16,.17,.19,.20,.22,.23,.25,.27,.28,.30,.31,.33,.34,.36,.37,.38,.40,.41,.42,.43,.44,.45,.46,.47,.48,.48,.49,.49,.50,.50,.50,.50,.50,.50,.50,.49,.0,     .0,.0,.0,.1,.1,.2,.2,.3,.4,.5,.6,.7,.8,.9,.10,.12,.13,.14,.16,.17,.19,.20,.22,.23,.25,.27,.28,.30,.31,.33,.34,.36,.37,.38,.40,.41,.42,.43,.44,.45,.46,.47,.48,.48,.49,.49,.50,.50,.50,.50,.50,.50,.50,.49,.49,.48,.48,.47,.46,.45,.44,.43,.42,.41,.40,.38,.37,.36,.34,.33,.31,.30,.28,.27,.25,.23,.22,.20,.19,.17,.16,.14,.13,.12,.10,.9,.8,.7,.6,.5,.4,.3,.2,.2,.1,.1,.0,.0,.0,.0,.0,.0,.0,.1,.1,.2,.2,.3,.4,.5,.6,.7,.8,.9,.10,.12,.13,.14,.16,.17,.19,.20,.22,.23,.25,.27,.28,.30,.31,.33,.34,.36,.37,.38,.40,.41,.42,.43,.44,.45,.46,.47,.48,.48,.49,.49,.50,.50,.50,.50,.50,.50,.50,.49,.49,.48,.48,.47,.46,.45,.44,.43,.42,.41,.40,.38,.37,.36,.34,.33,.31,.30,.28,.27,.25,.23,.22,.20,.19,.17,.16,.14,.13,.12,.10,.9,.8,.7,.6,.5,.4,.3,.2,.2,.1,.1,.0,.0,.0,.0,.0,.0,.0,.1,.1,.2,.2,.3,.4,.5,.6,.7,.8,.9,.10,.12,.13,.14,.16,.17,.19,.20,.22,.23,.25,.27,.28,.30,.31,.33,.34,.36,.37,.38,.40,.41,.42,.43,.44,.45,.46,.47,.48,.48,.49,.49,.50,.50,.50,.50,.50,.50,.50,.49,.0
        ;dt .0,.0,.0,.1,.1,.1,.2,.2,.3,.4,.5,.6,.6,.8,.9,.10,.11,.12,.14,.15,.17,.18,.20,.22,.23,.25,.27,.29,.31,.33,.35,.38,.40,.42,.45,.47,.49,.52,.54,.57,.60,.62,.65,.68,.71,.73,.76,.79,.82,.85,.88,.91,.94,.97,.100,.103,.106,.109,.113,.116,.119,.122,.125,.128,.131,.135,.138,.141,.144,.147,.150,.153,.156,.159,.162,.165,.168,.171,.174,.177,.180,.183,.186,.189,.191,.194,.197,.199,.202,.204,.207,.209,.212,.214,.216,.218,.221,.223,.225,.227,.229,.231,.232,.234,.236,.238,.239,.241,.242,.243,.245,.246,.247,.248,.249,.250,.251,.252,.252,.253,.253,.254,.254,.255,.255,.255,.255,.255,.255,.255,.255,.254,.254,.253,.253,.252,.252,.251,.250,.249,.248,.247,.246,.245,.243,.242,.241,.239,.238,.236,.234,.232,.231,.229,.227,.225,.223,.221,.218,.216,.214,.212,.209,.207,.204,.202,.199,.197,.194,.191,.189,.186,.183,.180,.177,.174,.171,.168,.165,.162,.159,.156,.153,.150,.147,.144,.141,.138,.135,.131,.128,.125,.122,.119,.116,.113,.109,.106,.103,.100,.97,.94,.91,.88,.85,.82,.79,.76,.73,.71,.68,.65,.62,.60,.57,.54,.52,.49,.47,.45,.42,.40,.38,.35,.33,.31,.29,.27,.25,.23,.22,.20,.18,.17,.15,.14,.12,.11,.10,.9,.8,.6,.6,.5,.4,.3,.2,.2,.1,.1,.1,.0,.0,.0,.0,.0

